0 20 1 1 1 1
-4.49 6.18 1 1 1 1
0 0 1 1 1 1
-19.02 6.18 1 1 1 1
-4.49 6.18 1 1 1 1
0 0 1 1 1 1
-19.02 6.18 1 1 1 1
-7.27 -2.36 1 1 1 1
0 0 1 1 1 1
0 0 1 1 1 1
-11.76 -16.18 1 1 1 1
-7.27 -2.36 1 1 1 1
0 0 1 1 1 1
-11.76 -16.18 1 1 1 1
0 -7.64 1 1 1 1
0 20 1 1 1 1
4.49 6.18 1 1 1 1
0 0 1 1 1 1
19.02 6.18 1 1 1 1
4.49 6.18 1 1 1 1
0 0 1 1 1 1
19.02 6.18 1 1 1 1
7.27 -2.36 1 1 1 1
0 0 1 1 1 1
0 0 1 1 1 1
11.76 -16.18 1 1 1 1
7.27 -2.36 1 1 1 1
0 0 1 1 1 1
11.76 -16.18 1 1 1 1
0 -7.64 1 1 1 1
0 20 1 0 0 1
6.18 19.021 1 0 0 1
4.49 6.18 1 0 0 1
6.18 19.021 1 0 0 1
11.756 16.18 1 0 0 1
4.49 6.18 1 0 0 1
11.756 16.18 1 0 0 1
16.18 11.756 1 0 0 1
4.49 6.18 1 0 0 1
16.18 11.756 1 0 0 1
19.021 6.18 1 0 0 1
4.49 6.18 1 0 0 1
19.021 6.18 1 0 0 1
20 0 1 0 0 1
7.27 -2.36 1 0 0 1
20 0 1 0 0 1
19.021 -6.18 1 0 0 1
7.27 -2.36 1 0 0 1
19.021 -6.18 1 0 0 1
16.18 -11.756 1 0 0 1
7.27 -2.36 1 0 0 1
16.18 -11.756 1 0 0 1
11.756 -16.18 1 0 0 1
7.27 -2.36 1 0 0 1
11.756 -16.18 1 0 0 1
6.18 -19.021 1 0 0 1
0 -7.64 1 0 0 1
6.18 -19.021 1 0 0 1
0 -20 1 0 0 1
0 -7.64 1 0 0 1
0 -20 1 0 0 1
-6.18 -19.021 1 0 0 1
0 -7.64 1 0 0 1
-6.18 -19.021 1 0 0 1
-11.756 -16.18 1 0 0 1
0 -7.64 1 0 0 1
-11.756 -16.18 1 0 0 1
-16.18 -11.756 1 0 0 1
-7.27 -2.36 1 0 0 1
-16.18 -11.756 1 0 0 1
-19.021 -6.18 1 0 0 1
-7.27 -2.36 1 0 0 1
-19.021 -6.18 1 0 0 1
-20 -0 1 0 0 1
-7.27 -2.36 1 0 0 1
-20 -0 1 0 0 1
-19.021 6.18 1 0 0 1
-7.27 -2.36 1 0 0 1
-19.021 6.18 1 0 0 1
-16.18 11.756 1 0 0 1
-4.49 6.18 1 0 0 1
-16.18 11.756 1 0 0 1
-11.756 16.18 1 0 0 1
-4.49 6.18 1 0 0 1
-11.756 16.18 1 0 0 1
-6.18 19.021 1 0 0 1
-4.49 6.18 1 0 0 1
-6.18 19.021 1 0 0 1
-0 20 1 0 0 1
-4.49 6.18 1 0 0 1
0 20 1 1 0 0
0 31.3 3.5 1 0 0
3.129 19.754 1 1 0 0
3.129 19.754 1 1 0 0
0 31.3 3.5 1 0 0
4.896 30.915 3.5 1 0 0
3.129 19.754 1 1 0 0
4.896 30.915 3.5 1 0 0
6.18 19.021 1 1 0 0
6.18 19.021 1 1 0 0
4.896 30.915 3.5 1 0 0
9.672 29.768 3.5 1 0 0
6.18 19.021 1 1 0 0
9.672 29.768 3.5 1 0 0
9.08 17.82 1 1 0 0
9.08 17.82 1 1 0 0
9.672 29.768 3.5 1 0 0
14.21 27.889 3.5 1 0 0
9.08 17.82 1 1 0 0
14.21 27.889 3.5 1 0 0
11.756 16.18 1 1 0 0
11.756 16.18 1 1 0 0
14.21 27.889 3.5 1 0 0
18.398 25.322 3.5 1 0 0
11.756 16.18 1 1 0 0
18.398 25.322 3.5 1 0 0
14.142 14.142 1 1 0 0
14.142 14.142 1 1 0 0
18.398 25.322 3.5 1 0 0
22.132 22.132 3.5 1 0 0
14.142 14.142 1 1 0 0
22.132 22.132 3.5 1 0 0
16.18 11.756 1 1 0 0
16.18 11.756 1 1 0 0
22.132 22.132 3.5 1 0 0
25.322 18.398 3.5 1 0 0
16.18 11.756 1 1 0 0
25.322 18.398 3.5 1 0 0
17.82 9.08 1 1 0 0
17.82 9.08 1 1 0 0
25.322 18.398 3.5 1 0 0
27.889 14.21 3.5 1 0 0
17.82 9.08 1 1 0 0
27.889 14.21 3.5 1 0 0
19.021 6.18 1 1 0 0
19.021 6.18 1 1 0 0
27.889 14.21 3.5 1 0 0
29.768 9.672 3.5 1 0 0
19.021 6.18 1 1 0 0
29.768 9.672 3.5 1 0 0
19.754 3.129 1 1 0 0
19.754 3.129 1 1 0 0
29.768 9.672 3.5 1 0 0
30.915 4.896 3.5 1 0 0
19.754 3.129 1 1 0 0
30.915 4.896 3.5 1 0 0
20 0 1 1 0 0
20 0 1 1 0 0
30.915 4.896 3.5 1 0 0
31.3 0 3.5 1 0 0
20 0 1 1 0 0
31.3 0 3.5 1 0 0
19.754 -3.129 1 1 0 0
19.754 -3.129 1 1 0 0
31.3 0 3.5 1 0 0
30.915 -4.896 3.5 1 0 0
19.754 -3.129 1 1 0 0
30.915 -4.896 3.5 1 0 0
19.021 -6.18 1 1 0 0
19.021 -6.18 1 1 0 0
30.915 -4.896 3.5 1 0 0
29.768 -9.672 3.5 1 0 0
19.021 -6.18 1 1 0 0
29.768 -9.672 3.5 1 0 0
17.82 -9.08 1 1 0 0
17.82 -9.08 1 1 0 0
29.768 -9.672 3.5 1 0 0
27.889 -14.21 3.5 1 0 0
17.82 -9.08 1 1 0 0
27.889 -14.21 3.5 1 0 0
16.18 -11.756 1 1 0 0
16.18 -11.756 1 1 0 0
27.889 -14.21 3.5 1 0 0
25.322 -18.398 3.5 1 0 0
16.18 -11.756 1 1 0 0
25.322 -18.398 3.5 1 0 0
14.142 -14.142 1 1 0 0
14.142 -14.142 1 1 0 0
25.322 -18.398 3.5 1 0 0
22.132 -22.132 3.5 1 0 0
14.142 -14.142 1 1 0 0
22.132 -22.132 3.5 1 0 0
11.756 -16.18 1 1 0 0
11.756 -16.18 1 1 0 0
22.132 -22.132 3.5 1 0 0
18.398 -25.322 3.5 1 0 0
11.756 -16.18 1 1 0 0
18.398 -25.322 3.5 1 0 0
9.08 -17.82 1 1 0 0
9.08 -17.82 1 1 0 0
18.398 -25.322 3.5 1 0 0
14.21 -27.889 3.5 1 0 0
9.08 -17.82 1 1 0 0
14.21 -27.889 3.5 1 0 0
6.18 -19.021 1 1 0 0
6.18 -19.021 1 1 0 0
14.21 -27.889 3.5 1 0 0
9.672 -29.768 3.5 1 0 0
6.18 -19.021 1 1 0 0
9.672 -29.768 3.5 1 0 0
3.129 -19.754 1 1 0 0
3.129 -19.754 1 1 0 0
9.672 -29.768 3.5 1 0 0
4.896 -30.915 3.5 1 0 0
3.129 -19.754 1 1 0 0
4.896 -30.915 3.5 1 0 0
0 -20 1 1 0 0
0 -20 1 1 0 0
4.896 -30.915 3.5 1 0 0
0 -31.3 3.5 1 0 0
0 -20 1 1 0 0
0 -31.3 3.5 1 0 0
-3.129 -19.754 1 1 0 0
-3.129 -19.754 1 1 0 0
0 -31.3 3.5 1 0 0
-4.896 -30.915 3.5 1 0 0
-3.129 -19.754 1 1 0 0
-4.896 -30.915 3.5 1 0 0
-6.18 -19.021 1 1 0 0
-6.18 -19.021 1 1 0 0
-4.896 -30.915 3.5 1 0 0
-9.672 -29.768 3.5 1 0 0
-6.18 -19.021 1 1 0 0
-9.672 -29.768 3.5 1 0 0
-9.08 -17.82 1 1 0 0
-9.08 -17.82 1 1 0 0
-9.672 -29.768 3.5 1 0 0
-14.21 -27.889 3.5 1 0 0
-9.08 -17.82 1 1 0 0
-14.21 -27.889 3.5 1 0 0
-11.756 -16.18 1 1 0 0
-11.756 -16.18 1 1 0 0
-14.21 -27.889 3.5 1 0 0
-18.398 -25.322 3.5 1 0 0
-11.756 -16.18 1 1 0 0
-18.398 -25.322 3.5 1 0 0
-14.142 -14.142 1 1 0 0
-14.142 -14.142 1 1 0 0
-18.398 -25.322 3.5 1 0 0
-22.132 -22.132 3.5 1 0 0
-14.142 -14.142 1 1 0 0
-22.132 -22.132 3.5 1 0 0
-16.18 -11.756 1 1 0 0
-16.18 -11.756 1 1 0 0
-22.132 -22.132 3.5 1 0 0
-25.322 -18.398 3.5 1 0 0
-16.18 -11.756 1 1 0 0
-25.322 -18.398 3.5 1 0 0
-17.82 -9.08 1 1 0 0
-17.82 -9.08 1 1 0 0
-25.322 -18.398 3.5 1 0 0
-27.889 -14.21 3.5 1 0 0
-17.82 -9.08 1 1 0 0
-27.889 -14.21 3.5 1 0 0
-19.021 -6.18 1 1 0 0
-19.021 -6.18 1 1 0 0
-27.889 -14.21 3.5 1 0 0
-29.768 -9.672 3.5 1 0 0
-19.021 -6.18 1 1 0 0
-29.768 -9.672 3.5 1 0 0
-19.754 -3.129 1 1 0 0
-19.754 -3.129 1 1 0 0
-29.768 -9.672 3.5 1 0 0
-30.915 -4.896 3.5 1 0 0
-19.754 -3.129 1 1 0 0
-30.915 -4.896 3.5 1 0 0
-20 -0 1 1 0 0
-20 -0 1 1 0 0
-30.915 -4.896 3.5 1 0 0
-31.3 -0 3.5 1 0 0
-20 -0 1 1 0 0
-31.3 -0 3.5 1 0 0
-19.754 3.129 1 1 0 0
-19.754 3.129 1 1 0 0
-31.3 -0 3.5 1 0 0
-30.915 4.896 3.5 1 0 0
-19.754 3.129 1 1 0 0
-30.915 4.896 3.5 1 0 0
-19.021 6.18 1 1 0 0
-19.021 6.18 1 1 0 0
-30.915 4.896 3.5 1 0 0
-29.768 9.672 3.5 1 0 0
-19.021 6.18 1 1 0 0
-29.768 9.672 3.5 1 0 0
-17.82 9.08 1 1 0 0
-17.82 9.08 1 1 0 0
-29.768 9.672 3.5 1 0 0
-27.889 14.21 3.5 1 0 0
-17.82 9.08 1 1 0 0
-27.889 14.21 3.5 1 0 0
-16.18 11.756 1 1 0 0
-16.18 11.756 1 1 0 0
-27.889 14.21 3.5 1 0 0
-25.322 18.398 3.5 1 0 0
-16.18 11.756 1 1 0 0
-25.322 18.398 3.5 1 0 0
-14.142 14.142 1 1 0 0
-14.142 14.142 1 1 0 0
-25.322 18.398 3.5 1 0 0
-22.132 22.132 3.5 1 0 0
-14.142 14.142 1 1 0 0
-22.132 22.132 3.5 1 0 0
-11.756 16.18 1 1 0 0
-11.756 16.18 1 1 0 0
-22.132 22.132 3.5 1 0 0
-18.398 25.322 3.5 1 0 0
-11.756 16.18 1 1 0 0
-18.398 25.322 3.5 1 0 0
-9.08 17.82 1 1 0 0
-9.08 17.82 1 1 0 0
-18.398 25.322 3.5 1 0 0
-14.21 27.889 3.5 1 0 0
-9.08 17.82 1 1 0 0
-14.21 27.889 3.5 1 0 0
-6.18 19.021 1 1 0 0
-6.18 19.021 1 1 0 0
-14.21 27.889 3.5 1 0 0
-9.672 29.768 3.5 1 0 0
-6.18 19.021 1 1 0 0
-9.672 29.768 3.5 1 0 0
-3.129 19.754 1 1 0 0
-3.129 19.754 1 1 0 0
-9.672 29.768 3.5 1 0 0
-4.896 30.915 3.5 1 0 0
-3.129 19.754 1 1 0 0
-4.896 30.915 3.5 1 0 0
-0 20 1 1 0 0
-0 20 1 1 0 0
-4.896 30.915 3.5 1 0 0
-0 31.3 3.5 1 0 0
0 31.3 3.5 1 1 1
0 42.07 9 1 1 1
4.896 30.915 3.5 1 1 1
4.896 30.915 3.5 1 1 1
0 42.07 9 1 1 1
6.581 41.552 9 1 1 1
4.896 30.915 3.5 1 1 1
6.581 41.552 9 1 1 1
9.672 29.768 3.5 1 1 1
9.672 29.768 3.5 1 1 1
6.581 41.552 9 1 1 1
13 40.011 9 1 1 1
9.672 29.768 3.5 1 1 1
13 40.011 9 1 1 1
14.21 27.889 3.5 1 1 1
14.21 27.889 3.5 1 1 1
13 40.011 9 1 1 1
19.099 37.485 9 1 1 1
14.21 27.889 3.5 1 1 1
19.099 37.485 9 1 1 1
18.398 25.322 3.5 1 1 1
18.398 25.322 3.5 1 1 1
19.099 37.485 9 1 1 1
24.728 34.035 9 1 1 1
18.398 25.322 3.5 1 1 1
24.728 34.035 9 1 1 1
22.132 22.132 3.5 1 1 1
22.132 22.132 3.5 1 1 1
24.728 34.035 9 1 1 1
29.748 29.748 9 1 1 1
22.132 22.132 3.5 1 1 1
29.748 29.748 9 1 1 1
25.322 18.398 3.5 1 1 1
25.322 18.398 3.5 1 1 1
29.748 29.748 9 1 1 1
34.035 24.728 9 1 1 1
25.322 18.398 3.5 1 1 1
34.035 24.728 9 1 1 1
27.889 14.21 3.5 1 1 1
27.889 14.21 3.5 1 1 1
34.035 24.728 9 1 1 1
37.485 19.099 9 1 1 1
27.889 14.21 3.5 1 1 1
37.485 19.099 9 1 1 1
29.768 9.672 3.5 1 1 1
29.768 9.672 3.5 1 1 1
37.485 19.099 9 1 1 1
40.011 13 9 1 1 1
29.768 9.672 3.5 1 1 1
40.011 13 9 1 1 1
30.915 4.896 3.5 1 1 1
30.915 4.896 3.5 1 1 1
40.011 13 9 1 1 1
41.552 6.581 9 1 1 1
30.915 4.896 3.5 1 1 1
41.552 6.581 9 1 1 1
31.3 0 3.5 1 1 1
31.3 0 3.5 1 1 1
41.552 6.581 9 1 1 1
42.07 0 9 1 1 1
31.3 0 3.5 1 1 1
42.07 0 9 1 1 1
30.915 -4.896 3.5 1 1 1
30.915 -4.896 3.5 1 1 1
42.07 0 9 1 1 1
41.552 -6.581 9 1 1 1
30.915 -4.896 3.5 1 1 1
41.552 -6.581 9 1 1 1
29.768 -9.672 3.5 1 1 1
29.768 -9.672 3.5 1 1 1
41.552 -6.581 9 1 1 1
40.011 -13 9 1 1 1
29.768 -9.672 3.5 1 1 1
40.011 -13 9 1 1 1
27.889 -14.21 3.5 1 1 1
27.889 -14.21 3.5 1 1 1
40.011 -13 9 1 1 1
37.485 -19.099 9 1 1 1
27.889 -14.21 3.5 1 1 1
37.485 -19.099 9 1 1 1
25.322 -18.398 3.5 1 1 1
25.322 -18.398 3.5 1 1 1
37.485 -19.099 9 1 1 1
34.035 -24.728 9 1 1 1
25.322 -18.398 3.5 1 1 1
34.035 -24.728 9 1 1 1
22.132 -22.132 3.5 1 1 1
22.132 -22.132 3.5 1 1 1
34.035 -24.728 9 1 1 1
29.748 -29.748 9 1 1 1
22.132 -22.132 3.5 1 1 1
29.748 -29.748 9 1 1 1
18.398 -25.322 3.5 1 1 1
18.398 -25.322 3.5 1 1 1
29.748 -29.748 9 1 1 1
24.728 -34.035 9 1 1 1
18.398 -25.322 3.5 1 1 1
24.728 -34.035 9 1 1 1
14.21 -27.889 3.5 1 1 1
14.21 -27.889 3.5 1 1 1
24.728 -34.035 9 1 1 1
19.099 -37.485 9 1 1 1
14.21 -27.889 3.5 1 1 1
19.099 -37.485 9 1 1 1
9.672 -29.768 3.5 1 1 1
9.672 -29.768 3.5 1 1 1
19.099 -37.485 9 1 1 1
13 -40.011 9 1 1 1
9.672 -29.768 3.5 1 1 1
13 -40.011 9 1 1 1
4.896 -30.915 3.5 1 1 1
4.896 -30.915 3.5 1 1 1
13 -40.011 9 1 1 1
6.581 -41.552 9 1 1 1
4.896 -30.915 3.5 1 1 1
6.581 -41.552 9 1 1 1
0 -31.3 3.5 1 1 1
0 -31.3 3.5 1 1 1
6.581 -41.552 9 1 1 1
0 -42.07 9 1 1 1
0 -31.3 3.5 1 1 1
0 -42.07 9 1 1 1
-4.896 -30.915 3.5 1 1 1
-4.896 -30.915 3.5 1 1 1
0 -42.07 9 1 1 1
-6.581 -41.552 9 1 1 1
-4.896 -30.915 3.5 1 1 1
-6.581 -41.552 9 1 1 1
-9.672 -29.768 3.5 1 1 1
-9.672 -29.768 3.5 1 1 1
-6.581 -41.552 9 1 1 1
-13 -40.011 9 1 1 1
-9.672 -29.768 3.5 1 1 1
-13 -40.011 9 1 1 1
-14.21 -27.889 3.5 1 1 1
-14.21 -27.889 3.5 1 1 1
-13 -40.011 9 1 1 1
-19.099 -37.485 9 1 1 1
-14.21 -27.889 3.5 1 1 1
-19.099 -37.485 9 1 1 1
-18.398 -25.322 3.5 1 1 1
-18.398 -25.322 3.5 1 1 1
-19.099 -37.485 9 1 1 1
-24.728 -34.035 9 1 1 1
-18.398 -25.322 3.5 1 1 1
-24.728 -34.035 9 1 1 1
-22.132 -22.132 3.5 1 1 1
-22.132 -22.132 3.5 1 1 1
-24.728 -34.035 9 1 1 1
-29.748 -29.748 9 1 1 1
-22.132 -22.132 3.5 1 1 1
-29.748 -29.748 9 1 1 1
-25.322 -18.398 3.5 1 1 1
-25.322 -18.398 3.5 1 1 1
-29.748 -29.748 9 1 1 1
-34.035 -24.728 9 1 1 1
-25.322 -18.398 3.5 1 1 1
-34.035 -24.728 9 1 1 1
-27.889 -14.21 3.5 1 1 1
-27.889 -14.21 3.5 1 1 1
-34.035 -24.728 9 1 1 1
-37.485 -19.099 9 1 1 1
-27.889 -14.21 3.5 1 1 1
-37.485 -19.099 9 1 1 1
-29.768 -9.672 3.5 1 1 1
-29.768 -9.672 3.5 1 1 1
-37.485 -19.099 9 1 1 1
-40.011 -13 9 1 1 1
-29.768 -9.672 3.5 1 1 1
-40.011 -13 9 1 1 1
-30.915 -4.896 3.5 1 1 1
-30.915 -4.896 3.5 1 1 1
-40.011 -13 9 1 1 1
-41.552 -6.581 9 1 1 1
-30.915 -4.896 3.5 1 1 1
-41.552 -6.581 9 1 1 1
-31.3 -0 3.5 1 1 1
-31.3 -0 3.5 1 1 1
-41.552 -6.581 9 1 1 1
-42.07 -0 9 1 1 1
-31.3 -0 3.5 1 1 1
-42.07 -0 9 1 1 1
-30.915 4.896 3.5 1 1 1
-30.915 4.896 3.5 1 1 1
-42.07 -0 9 1 1 1
-41.552 6.581 9 1 1 1
-30.915 4.896 3.5 1 1 1
-41.552 6.581 9 1 1 1
-29.768 9.672 3.5 1 1 1
-29.768 9.672 3.5 1 1 1
-41.552 6.581 9 1 1 1
-40.011 13 9 1 1 1
-29.768 9.672 3.5 1 1 1
-40.011 13 9 1 1 1
-27.889 14.21 3.5 1 1 1
-27.889 14.21 3.5 1 1 1
-40.011 13 9 1 1 1
-37.485 19.099 9 1 1 1
-27.889 14.21 3.5 1 1 1
-37.485 19.099 9 1 1 1
-25.322 18.398 3.5 1 1 1
-25.322 18.398 3.5 1 1 1
-37.485 19.099 9 1 1 1
-34.035 24.728 9 1 1 1
-25.322 18.398 3.5 1 1 1
-34.035 24.728 9 1 1 1
-22.132 22.132 3.5 1 1 1
-22.132 22.132 3.5 1 1 1
-34.035 24.728 9 1 1 1
-29.748 29.748 9 1 1 1
-22.132 22.132 3.5 1 1 1
-29.748 29.748 9 1 1 1
-18.398 25.322 3.5 1 1 1
-18.398 25.322 3.5 1 1 1
-29.748 29.748 9 1 1 1
-24.728 34.035 9 1 1 1
-18.398 25.322 3.5 1 1 1
-24.728 34.035 9 1 1 1
-14.21 27.889 3.5 1 1 1
-14.21 27.889 3.5 1 1 1
-24.728 34.035 9 1 1 1
-19.099 37.485 9 1 1 1
-14.21 27.889 3.5 1 1 1
-19.099 37.485 9 1 1 1
-9.672 29.768 3.5 1 1 1
-9.672 29.768 3.5 1 1 1
-19.099 37.485 9 1 1 1
-13 40.011 9 1 1 1
-9.672 29.768 3.5 1 1 1
-13 40.011 9 1 1 1
-4.896 30.915 3.5 1 1 1
-4.896 30.915 3.5 1 1 1
-13 40.011 9 1 1 1
-6.581 41.552 9 1 1 1
-4.896 30.915 3.5 1 1 1
-6.581 41.552 9 1 1 1
-0 31.3 3.5 1 1 1
-0 31.3 3.5 1 1 1
-6.581 41.552 9 1 1 1
-0 42.07 9 1 1 1
0 42.07 9 1 0 0
0 52.41 16 1 0 0
6.581 41.552 9 1 0 0
6.581 41.552 9 1 0 0
0 52.41 16 1 0 0
8.199 51.765 16 1 0 0
6.581 41.552 9 1 0 0
8.199 51.765 16 1 0 0
13 40.011 9 1 0 0
13 40.011 9 1 0 0
8.199 51.765 16 1 0 0
16.196 49.845 16 1 0 0
13 40.011 9 1 0 0
16.196 49.845 16 1 0 0
19.099 37.485 9 1 0 0
19.099 37.485 9 1 0 0
16.196 49.845 16 1 0 0
23.794 46.698 16 1 0 0
19.099 37.485 9 1 0 0
23.794 46.698 16 1 0 0
24.728 34.035 9 1 0 0
24.728 34.035 9 1 0 0
23.794 46.698 16 1 0 0
30.806 42.401 16 1 0 0
24.728 34.035 9 1 0 0
30.806 42.401 16 1 0 0
29.748 29.748 9 1 0 0
29.748 29.748 9 1 0 0
30.806 42.401 16 1 0 0
37.059 37.059 16 1 0 0
29.748 29.748 9 1 0 0
37.059 37.059 16 1 0 0
34.035 24.728 9 1 0 0
34.035 24.728 9 1 0 0
37.059 37.059 16 1 0 0
42.401 30.806 16 1 0 0
34.035 24.728 9 1 0 0
42.401 30.806 16 1 0 0
37.485 19.099 9 1 0 0
37.485 19.099 9 1 0 0
42.401 30.806 16 1 0 0
46.698 23.794 16 1 0 0
37.485 19.099 9 1 0 0
46.698 23.794 16 1 0 0
40.011 13 9 1 0 0
40.011 13 9 1 0 0
46.698 23.794 16 1 0 0
49.845 16.196 16 1 0 0
40.011 13 9 1 0 0
49.845 16.196 16 1 0 0
41.552 6.581 9 1 0 0
41.552 6.581 9 1 0 0
49.845 16.196 16 1 0 0
51.765 8.199 16 1 0 0
41.552 6.581 9 1 0 0
51.765 8.199 16 1 0 0
42.07 0 9 1 0 0
42.07 0 9 1 0 0
51.765 8.199 16 1 0 0
52.41 0 16 1 0 0
42.07 0 9 1 0 0
52.41 0 16 1 0 0
41.552 -6.581 9 1 0 0
41.552 -6.581 9 1 0 0
52.41 0 16 1 0 0
51.765 -8.199 16 1 0 0
41.552 -6.581 9 1 0 0
51.765 -8.199 16 1 0 0
40.011 -13 9 1 0 0
40.011 -13 9 1 0 0
51.765 -8.199 16 1 0 0
49.845 -16.196 16 1 0 0
40.011 -13 9 1 0 0
49.845 -16.196 16 1 0 0
37.485 -19.099 9 1 0 0
37.485 -19.099 9 1 0 0
49.845 -16.196 16 1 0 0
46.698 -23.794 16 1 0 0
37.485 -19.099 9 1 0 0
46.698 -23.794 16 1 0 0
34.035 -24.728 9 1 0 0
34.035 -24.728 9 1 0 0
46.698 -23.794 16 1 0 0
42.401 -30.806 16 1 0 0
34.035 -24.728 9 1 0 0
42.401 -30.806 16 1 0 0
29.748 -29.748 9 1 0 0
29.748 -29.748 9 1 0 0
42.401 -30.806 16 1 0 0
37.059 -37.059 16 1 0 0
29.748 -29.748 9 1 0 0
37.059 -37.059 16 1 0 0
24.728 -34.035 9 1 0 0
24.728 -34.035 9 1 0 0
37.059 -37.059 16 1 0 0
30.806 -42.401 16 1 0 0
24.728 -34.035 9 1 0 0
30.806 -42.401 16 1 0 0
19.099 -37.485 9 1 0 0
19.099 -37.485 9 1 0 0
30.806 -42.401 16 1 0 0
23.794 -46.698 16 1 0 0
19.099 -37.485 9 1 0 0
23.794 -46.698 16 1 0 0
13 -40.011 9 1 0 0
13 -40.011 9 1 0 0
23.794 -46.698 16 1 0 0
16.196 -49.845 16 1 0 0
13 -40.011 9 1 0 0
16.196 -49.845 16 1 0 0
6.581 -41.552 9 1 0 0
6.581 -41.552 9 1 0 0
16.196 -49.845 16 1 0 0
8.199 -51.765 16 1 0 0
6.581 -41.552 9 1 0 0
8.199 -51.765 16 1 0 0
0 -42.07 9 1 0 0
0 -42.07 9 1 0 0
8.199 -51.765 16 1 0 0
0 -52.41 16 1 0 0
0 -42.07 9 1 0 0
0 -52.41 16 1 0 0
-6.581 -41.552 9 1 0 0
-6.581 -41.552 9 1 0 0
0 -52.41 16 1 0 0
-8.199 -51.765 16 1 0 0
-6.581 -41.552 9 1 0 0
-8.199 -51.765 16 1 0 0
-13 -40.011 9 1 0 0
-13 -40.011 9 1 0 0
-8.199 -51.765 16 1 0 0
-16.196 -49.845 16 1 0 0
-13 -40.011 9 1 0 0
-16.196 -49.845 16 1 0 0
-19.099 -37.485 9 1 0 0
-19.099 -37.485 9 1 0 0
-16.196 -49.845 16 1 0 0
-23.794 -46.698 16 1 0 0
-19.099 -37.485 9 1 0 0
-23.794 -46.698 16 1 0 0
-24.728 -34.035 9 1 0 0
-24.728 -34.035 9 1 0 0
-23.794 -46.698 16 1 0 0
-30.806 -42.401 16 1 0 0
-24.728 -34.035 9 1 0 0
-30.806 -42.401 16 1 0 0
-29.748 -29.748 9 1 0 0
-29.748 -29.748 9 1 0 0
-30.806 -42.401 16 1 0 0
-37.059 -37.059 16 1 0 0
-29.748 -29.748 9 1 0 0
-37.059 -37.059 16 1 0 0
-34.035 -24.728 9 1 0 0
-34.035 -24.728 9 1 0 0
-37.059 -37.059 16 1 0 0
-42.401 -30.806 16 1 0 0
-34.035 -24.728 9 1 0 0
-42.401 -30.806 16 1 0 0
-37.485 -19.099 9 1 0 0
-37.485 -19.099 9 1 0 0
-42.401 -30.806 16 1 0 0
-46.698 -23.794 16 1 0 0
-37.485 -19.099 9 1 0 0
-46.698 -23.794 16 1 0 0
-40.011 -13 9 1 0 0
-40.011 -13 9 1 0 0
-46.698 -23.794 16 1 0 0
-49.845 -16.196 16 1 0 0
-40.011 -13 9 1 0 0
-49.845 -16.196 16 1 0 0
-41.552 -6.581 9 1 0 0
-41.552 -6.581 9 1 0 0
-49.845 -16.196 16 1 0 0
-51.765 -8.199 16 1 0 0
-41.552 -6.581 9 1 0 0
-51.765 -8.199 16 1 0 0
-42.07 -0 9 1 0 0
-42.07 -0 9 1 0 0
-51.765 -8.199 16 1 0 0
-52.41 -0 16 1 0 0
-42.07 -0 9 1 0 0
-52.41 -0 16 1 0 0
-41.552 6.581 9 1 0 0
-41.552 6.581 9 1 0 0
-52.41 -0 16 1 0 0
-51.765 8.199 16 1 0 0
-41.552 6.581 9 1 0 0
-51.765 8.199 16 1 0 0
-40.011 13 9 1 0 0
-40.011 13 9 1 0 0
-51.765 8.199 16 1 0 0
-49.845 16.196 16 1 0 0
-40.011 13 9 1 0 0
-49.845 16.196 16 1 0 0
-37.485 19.099 9 1 0 0
-37.485 19.099 9 1 0 0
-49.845 16.196 16 1 0 0
-46.698 23.794 16 1 0 0
-37.485 19.099 9 1 0 0
-46.698 23.794 16 1 0 0
-34.035 24.728 9 1 0 0
-34.035 24.728 9 1 0 0
-46.698 23.794 16 1 0 0
-42.401 30.806 16 1 0 0
-34.035 24.728 9 1 0 0
-42.401 30.806 16 1 0 0
-29.748 29.748 9 1 0 0
-29.748 29.748 9 1 0 0
-42.401 30.806 16 1 0 0
-37.059 37.059 16 1 0 0
-29.748 29.748 9 1 0 0
-37.059 37.059 16 1 0 0
-24.728 34.035 9 1 0 0
-24.728 34.035 9 1 0 0
-37.059 37.059 16 1 0 0
-30.806 42.401 16 1 0 0
-24.728 34.035 9 1 0 0
-30.806 42.401 16 1 0 0
-19.099 37.485 9 1 0 0
-19.099 37.485 9 1 0 0
-30.806 42.401 16 1 0 0
-23.794 46.698 16 1 0 0
-19.099 37.485 9 1 0 0
-23.794 46.698 16 1 0 0
-13 40.011 9 1 0 0
-13 40.011 9 1 0 0
-23.794 46.698 16 1 0 0
-16.196 49.845 16 1 0 0
-13 40.011 9 1 0 0
-16.196 49.845 16 1 0 0
-6.581 41.552 9 1 0 0
-6.581 41.552 9 1 0 0
-16.196 49.845 16 1 0 0
-8.199 51.765 16 1 0 0
-6.581 41.552 9 1 0 0
-8.199 51.765 16 1 0 0
-0 42.07 9 1 0 0
-0 42.07 9 1 0 0
-8.199 51.765 16 1 0 0
-0 52.41 16 1 0 0
